2
3
4
2
4
5
6
5
